300 0.1540 0.520 1.036 
305 0.1350 0.466 1.042 
310 0.1160 0.421 1.047 
315 0.1050 0.392 1.051 
320 0.0944 0.368 1.051 
325 0.0855 0.348 1.049 
330 0.0765 0.331 1.049 
335 0.0701 0.312 1.046 
340 0.0637 0.291 1.040 
345 0.0584 0.275 1.034 
350 0.0530 0.257 1.023 
355 0.0485 0.238 1.009 
360 0.0439 0.228 1.010 
365 0.0396 0.216 1.013 
370 0.0353 0.208 1.017 
375 0.0310 0.205 1.028 
380 0.0267 0.205 1.044 
385 0.0250 0.205 1.062 
390 0.0233 0.207 1.077 
395 0.0221 0.209 1.088 
400 0.0209 0.209 1.088 
405 0.0203 0.209 1.084 
410 0.0196 0.209 1.081 
415 0.0190 0.206 1.070 
420 0.0184 0.202 1.060 
425 0.0178 0.199 1.050 
430 0.0172 0.193 1.040 
435 0.0171 0.186 1.027 
440 0.0170 0.179 1.010 
445 0.0169 0.172 0.995 
450 0.0168 0.162 0.974 
455 0.0172 0.155 0.961 
460 0.0176 0.148 0.946 
465 0.0176 0.141 0.938 
470 0.0175 0.137 0.930 
475 0.0185 0.131 0.930 
480 0.0194 0.128 0.936 
485 0.0203 0.124 0.946 
490 0.0212 0.121 0.963 
495 0.0242 0.118 0.973 
500 0.0271 0.113 0.985 
505 0.0321 0.108 0.996 
510 0.0370 0.103 1.006 
515 0.0430 0.096 1.013 
520 0.0489 0.090 1.021 
525 0.0504 0.088 1.035 
530 0.0519 0.087 1.050 
535 0.0544 0.085 1.068 
540 0.0568 0.084 1.090 
545 0.0608 0.082 1.106 
550 0.0648 0.079 1.130 
555 0.0683 0.076 1.144 
560 0.0717 0.073 1.155 
565 0.0762 0.072 1.176 
570 0.0807 0.072 1.205 
575 0.0949 0.072 1.225 
580 0.1090 0.073 1.256 
585 0.1335 0.074 1.274 
590 0.1580 0.076 1.295 
595 0.2020 0.076 1.312 
600 0.2450 0.077 1.324 
605 0.2670 0.079 1.329 
610 0.2900 0.080 1.337 
615 0.3050 0.082 1.337 
620 0.3100 0.084 1.329 
625 0.3150 0.087 1.315 
630 0.3200 0.090 1.308 
635 0.3250 0.094 1.306 
640 0.3300 0.098 1.315 
645 0.3400 0.103 1.333 
650 0.3500 0.110 1.366 
655 0.3750 0.119 1.404 
660 0.4000 0.127 1.433 
665 0.4150 0.135 1.448 
670 0.4300 0.137 1.463 
675 0.4400 0.142 1.478 
680 0.4500 0.149 1.491 
685 0.4750 0.156 1.500 
690 0.5000 0.150 1.516 
695 0.5750 0.129 1.528 
700 0.6500 0.111 1.538 
705 0.7420 0.050 1.732 
710 0.8340 0.050 1.732 
715 1.0020 0.050 1.732 
720 1.1700 0.050 1.732 
725 1.4850 0.050 1.732 
730 1.8000 0.050 1.732 
735 2.0900 0.050 1.732 
740 2.3800 0.050 1.732 
745 2.4250 0.050 1.732