300 0.1540 0.1960 0.889
305 0.1350 0.1910 0.878
310 0.1160 0.1870 0.867
315 0.1050 0.1830 0.856
320 0.0940 0.1790 0.845
325 0.0850 0.1740 0.834
330 0.0760 0.1700 0.823
335 0.0700 0.1660 0.812
340 0.0640 0.1610 0.801
345 0.0580 0.1570 0.790
350 0.0530 0.1530 0.778
355 0.0480 0.1490 0.767
360 0.0440 0.1440 0.756
365 0.0400 0.1400 0.737
370 0.0350 0.1360 0.720
375 0.0310 0.1310 0.700
380 0.0270 0.1270 0.685
385 0.0250 0.1230 0.673
390 0.0230 0.1190 0.670
395 0.0220 0.1140 0.668
400 0.0209 0.1100 0.668 
405 0.0200 0.1110 0.672 
410 0.0196 0.1125 0.680 
415 0.0189 0.1135 0.687 
420 0.0183 0.1126 0.693 
425 0.0182 0.1104 0.701 
430 0.0171 0.1078 0.707 
435 0.0170 0.1065 0.708 
440 0.0168 0.1041 0.707 
445 0.0166 0.0996 0.704 
450 0.0168 0.0971 0.701 
455 0.0170 0.0939 0.699 
460 0.0173 0.0896 0.700 
465 0.0174 0.0859 0.703 
470 0.0175 0.0823 0.703 
475 0.0184 0.0788 0.703 
480 0.0194 0.0746 0.703 
485 0.0203 0.0726 0.704 
490 0.0217 0.0690 0.702 
495 0.0240 0.0660 0.700 
500 0.0271 0.0636 0.700 
505 0.0320 0.0600 0.695 
510 0.0384 0.0578 0.690 
515 0.0445 0.0540 0.685 
520 0.0490 0.0498 0.680 
525 0.0505 0.0475 0.675 
530 0.0518 0.0467 0.670 
535 0.0543 0.0450 0.665 
540 0.0568 0.0440 0.660 
545 0.0615 0.0426 0.655 
550 0.0640 0.0410 0.650 
555 0.0683 0.0400 0.645 
560 0.0717 0.0390 0.640 
565 0.0762 0.0375 0.630 
570 0.0807 0.0360 0.623 
575 0.0940 0.0340 0.615 
580 0.1070 0.0330 0.610 
585 0.1280 0.0328 0.614 
590 0.1570 0.0325 0.618 
595 0.2000 0.0330 0.622 
600 0.2530 0.0340 0.626 
605 0.2790 0.0350 0.630 
610 0.2960 0.0360 0.634 
615 0.3030 0.0375 0.638 
620 0.3100 0.0385 0.642 
625 0.3150 0.0400 0.647 
630 0.3200 0.0420 0.653 
635 0.3250 0.0430 0.658 
640 0.3300 0.0440 0.663 
645 0.3400 0.0445 0.667 
650 0.3500 0.0450 0.672 
655 0.3700 0.0460 0.677 
660 0.4050 0.0475 0.682 
665 0.4180 0.0490 0.687 
670 0.4300 0.0515 0.695 
675 0.4400 0.0520 0.697 
680 0.4500 0.0505 0.693 
685 0.4700 0.0440 0.665 
690 0.5000 0.0390 0.640 
695 0.5500 0.0340 0.620 
700 0.6500 0.0300 0.600
705 0.7420 0.0250 0.600
710 0.8340 0.0200 0.600
715 1.0020 0.0150 0.600
720 1.1700 0.0100 0.600
725 1.4850 0.0070 0.600
730 1.8000 0.0050 0.600
735 2.0900 0.0020 0.600
740 2.3800 0.0000 0.600
745 2.4200 0.0000 0.600
750 2.4700 0.0000 0.600
775 2.4000
800 1.963
825 2.772
850 4.331
875 5.615
900 6.786
925 14.401
950 38.764
975 44.857
1000 36.317
1200 103.568
1400 1238.685
1600 671.515
1800 802.851
2000 6911.504
2200 1650.764
2400 5005.604
2600 15321.306